Грешинский
Илья
CS228
1998
Мужской
1.58945e+09
81
1
20
220
1
16
204
1
13
115
1
12
214
1
14
134
1
14
153
1
18
46
1
17
139
1
20
161
1
12
213
1
18
141
1
12
151
1
19
85
1
17
210
1
17
57
1
12
150
1
12
99
1
16
186
1
13
61
1
15
145
1
18
49
1
15
156
1
14
158
1
19
57
1
13
66
1
17
122
1
18
167
1
19
75
1
15
57
1
16
48
1
14
148
1
18
147
1
13
211
1
17
118
1
16
155
1
12
183
1
18
156
1
17
204
1
18
179
1
14
121
1
17
51
1
13
153
1
17
119
1
17
215
1
13
151
1
15
50
1
13
147
1
13
49
1
15
163
1
20
167
1
14
154
1
15
119
1
15
80
1
14
219
1
15
174
1
20
176
1
13
156
1
18
210
1
15
69
1
18
134
1
18
151
1
18
132
1
20
165
1
16
89
1
13
59
1
19
148
1
19
69
1
13
196
1
17
128
1
18
112
1
14
100
1
18
143
1
20
212
1
14
188
1
15
127
1
19
215
1
19
163
1
20
216
1
14
159
1
20
74
1
17
152
1
20
49
1
15
123
1
12
203
1
17
195
1
14
183
1
16
111
1
12
57
1
18
160
1
16
176
1
12
93
1
13
213
1
14
62
1
20
67
1
20
148
1
19
72
1
13
109
1
12
51
1
14
47
1
13
50
1
14
151
1
12
187
1
14
88
1
14
213
1
12
110
1
13
92
1
14
187
1
17
158
1
13
56
1
18
155
1
15
213
1
20
67
1
12
104
1
15
167
1
17
177
1
20
81
1
20
175
1
16
59
1
18
116
1
19
105
1
17
130
1
14
215
1
20
126
1
13
191
1
12
133
1
18
58
1
15
96
1
14
157
1
20
91
1
14
44
1
12
173
1
15
201
1
15
45
1
15
106
1
14
158
1
12
58
1
20
47
1
14
106
1
20
47
1
16
163
1
12
47
1
18
91
1
19
155
1
13
149
1
19
159
1
19
59
1
18
98
1
20
46
1
15
59
1
20
106
1
12
55
1
12
107
1
19
216
1
19
60
1
20
139
1
18
219
1
12
70
1
15
210
1
16
75
1
13
145
1
16
177
1
19
52
1
14
79
1
16
90
1
16
93
1
13
187
1
15
54
1
13
43
1
19
215
1
17
190
1
13
93
1
13
47
1
20
62
1
14
190
1
12
125
1
13
156
1
13
159
1
16
68
1
20
110
1
13
145
1
14
172
1
20
138
1
17
87
1
18
98
1
20
130
1
20
79
1
15
194
1
18
170
1
17
217
1
17
184
1
17
79
1
14
106
1
19
91
1
16
123
1
15
52
1
20
158
1
20
108
1
20
106
1
13
137
1
17
75
1
17
174
1
16
218
1
20
65
1
14
112
1
16
136
1
16
159
1
18
135
1
19
203
1
14
69
1
18
92
1
12
169
1
20
140
1
20
206
1
19
67
1
14
72
1
19
41
1
20
190
1
17
192
1
13
94
1
20
203
1
14
112
1
17
85
1
16
180
1
17
201
1
18
185
1
13
190
3
16
73
3
16
216
3
14
193
3
15
180
3
17
153
3
18
163
3
16
125
3
18
149
3
12
181
3
17
173
1
14
204
1
17
137
1
18
145
1
18
139
1
16
102
1
16
114
1
14
131
1
16
58
1
17
123
1
20
64
1
16
163
1
20
157
1
16
99
1
20
218
1
19
88
1
19
183
1
16
91
1
12
116
1
17
197
1
13
146
1
14
182
1
13
93
1
19
59
1
17
170
1
13
174
1
13
79
1
14
114
1
15
215
1
16
171
1
19
211
1
14
182
1
17
157
1
13
112
1
20
201
1
12
182
1
18
78
1
18
200
1
15
205
1
13
139
1
13
220
1
16
143
1
17
218
1
18
59
1
13
55
1
18
198
1
15
85
1
20
154
1
17
87
1
15
41
1
14
209
1
12
196
1
14
83
1
16
73
1
14
147
1
18
185
1
19
178
1
19
139
1
17
128
1
14
113
1
20
46
1
19
152
1
18
190
1
17
91
1
14
83
1
16
156
1
18
141
1
17
184
1
17
218
1
14
41
1
16
179
1
13
56
1
15
106
1
20
48
1
14
166
1
16
80
1
13
124
1
12
174
1
15
154
1
12
166
1
18
150
1
17
139
1
19
192
1
20
163
1
14
100
1
13
125
1
19
191
1
14
188
1
19
152
1
13
97
1
17
177
1
20
170
1
13
127
1
13
170
1
18
147
1
19
207
1
12
48
1
13
183
1
20
194
1
14
191
1
12
145
1
16
126
1
16
104
1
19
191
1
15
213
1
12
80
1
13
172
1
15
105
1
13
160
1
17
188
1
14
164
1
19
108
1
19
162
1
15
83
1
12
176
1
16
193
1
19
160
1
15
153
1
16
173
1
18
64
1
20
84
1
13
135
1
17
181
1
16
198
1
18
